2023-05-01 04:00:00,416.15,416.15,415.58,415.7,223482
2023-05-01 05:00:00,415.81,416.14,415.79,416.0,75273
2023-05-01 06:00:00,415.99,416.04,415.62,415.9,56750
2023-05-01 07:00:00,415.9,415.949,415.4,415.42,161099
2023-05-01 08:00:00,415.91,416.34,415.27,415.73,286420
2023-05-01 09:00:00,415.69,416.7299,415.2,416.3899,5646296
2023-05-01 10:00:00,416.36,417.07,415.77,416.9599,7369541
2023-05-01 11:00:00,416.96,417.14,415.57,416.3499,6332308
2023-05-01 12:00:00,416.33,417.62,416.295,417.16,4832487
2023-05-01 13:00:00,417.19,417.33,416.625,417.03,3659740
2023-05-01 14:00:00,417.03,417.13,415.42,416.08,6708079
2023-05-01 15:00:00,416.08,416.22,415.265,415.53,12081456
2023-05-01 16:00:00,415.53,416.2898,414.93,415.05,3054201
2023-05-01 17:00:00,414.97,415.15,414.96,415.01,151509
2023-05-01 18:00:00,415.0,415.1,414.78,415.04,40309
2023-05-01 19:00:00,415.0,415.13,414.96,415.02,25852
2023-05-02 04:00:00,415.16,415.28,414.96,415.05,23615
2023-05-02 05:00:00,415.06,415.4,414.89,415.2,87512
2023-05-02 06:00:00,415.08,415.19,414.7,415.13,113341
2023-05-02 07:00:00,415.13,415.37,414.91,415.06,118067
2023-05-02 08:00:00,415.1,416.1,414.57,414.76,312122
2023-05-02 09:00:00,414.72,414.88,413.65,413.8401,5421384
2023-05-02 10:00:00,413.89,414.11,408.975,409.0865,18822203
2023-05-02 11:00:00,409.07,409.425,407.82,408.71,14240170
2023-05-02 12:00:00,408.69,409.85,408.425,409.67,6513945
2023-05-02 13:00:00,409.66,411.29,409.48,410.82,7371369
2023-05-02 14:00:00,410.83,411.18,409.79,411.08,7840339
2023-05-02 15:00:00,411.08,411.58,410.46,410.87,16736647
2023-05-02 16:00:00,410.87,411.08,410.51,410.51,3721147
2023-05-02 17:00:00,410.64,410.64,410.38,410.4,74568
2023-05-02 18:00:00,410.5,410.69,410.47,410.56,40405
2023-05-02 19:00:00,410.51,410.94,410.49,410.94,133014
2023-05-03 04:00:00,411.34,411.62,411.26,411.46,18999
2023-05-03 05:00:00,411.44,411.62,411.21,411.34,11040
2023-05-03 06:00:00,411.49,411.92,411.39,411.4,131722
2023-05-03 07:00:00,411.41,412.02,411.4,411.72,202623
2023-05-03 08:00:00,411.76,412.19,411.25,411.26,358153
2023-05-03 09:00:00,411.26,412.65,411.07,412.19,4866839
2023-05-03 10:00:00,412.21,412.48,410.51,410.895,6808592
2023-05-03 11:00:00,410.87,411.55,410.3,411.49,5014618
2023-05-03 12:00:00,411.5,412.15,411.06,412.15,3587171
2023-05-03 13:00:00,412.16,412.58,411.91,412.12,4717773
2023-05-03 14:00:00,412.1137,413.87,410.3,412.1825,19881069
2023-05-03 15:00:00,412.2024,413.07,407.77,407.99,24574283
2023-05-03 16:00:00,407.98,408.9399,406.75,406.93,4427583
2023-05-03 17:00:00,406.96,408.02,406.1,406.13,821123
2023-05-03 18:00:00,406.1,410.16,405.03,406.17,456261
2023-05-03 19:00:00,406.15,406.53,405.88,406.52,148207
2023-05-04 04:00:00,408.73,408.77,407.85,407.92,56479
2023-05-04 05:00:00,408.2,408.33,407.52,407.69,27638
2023-05-04 06:00:00,407.65,407.9,406.74,407.03,163288
2023-05-04 07:00:00,407.11,407.18,406.53,406.84,306868
2023-05-04 08:00:00,406.84,409.06,406.15,406.96,939737
2023-05-04 09:00:00,406.95,407.42,404.89,405.6,8703261
2023-05-04 10:00:00,405.61,405.97,403.86,404.87,14606570
2023-05-04 11:00:00,404.86,406.5201,404.21,404.3601,9460067
2023-05-04 12:00:00,404.34,405.85,403.74,405.82,6831923
2023-05-04 13:00:00,405.84,407.16,405.58,406.132,8384436
2023-05-04 14:00:00,406.15,406.2586,404.625,405.2491,6422932
2023-05-04 15:00:00,405.2401,406.31,404.58,405.17,13651156
2023-05-04 16:00:00,405.17,405.87,404.64,404.9,3825239
2023-05-04 17:00:00,404.94,405.45,404.77,405.25,293203
2023-05-04 18:00:00,405.25,406.28,405.23,406.28,134212
2023-05-04 19:00:00,406.28,406.5,406.07,406.36,40849
2023-05-05 04:00:00,406.48,407.11,406.25,407.05,28796
2023-05-05 05:00:00,407.02,407.26,406.76,407.15,31269
2023-05-05 06:00:00,407.22,407.75,407.22,407.5,62381
2023-05-05 07:00:00,407.55,408.22,407.47,407.98,188887
2023-05-05 08:00:00,407.58,408.76,406.54,407.95,1522512
2023-05-05 09:00:00,407.97,410.34,407.97,410.115,8496833
2023-05-05 10:00:00,410.12,411.64,410.05,411.06,10449783
2023-05-05 11:00:00,411.07,411.47,410.66,411.01,5707452
2023-05-05 12:00:00,411.02,411.11,410.2,411.089,4537883
2023-05-05 13:00:00,411.09,411.97,411.08,411.8599,4381476
2023-05-05 14:00:00,411.86,413.72,411.8,413.256,7420776
2023-05-05 15:00:00,413.26,413.51,412.17,412.61,18077754
2023-05-05 16:00:00,412.61,412.71,412.15,412.36,5482915
2023-05-05 17:00:00,412.35,412.45,412.1,412.45,49073
2023-05-05 18:00:00,412.36,412.4,412.08,412.08,36160
2023-05-05 19:00:00,412.1,412.25,412.1,412.2,3867
2023-05-08 04:00:00,412.72,412.84,412.52,412.58,17285
2023-05-08 05:00:00,412.58,412.91,412.58,412.87,8925
2023-05-08 06:00:00,412.91,413.2,412.91,413.09,46958
2023-05-08 07:00:00,413.1,413.41,413.09,413.32,125211
2023-05-08 08:00:00,413.3493,413.6,412.17,413.15,362052
2023-05-08 09:00:00,413.15,413.2,411.89,412.1726,5596441
2023-05-08 10:00:00,412.23,412.58,411.68,412.3901,6364770
2023-05-08 11:00:00,412.4,412.85,411.84,412.64,4110003
2023-05-08 12:00:00,412.65,412.7703,411.99,412.27,3641184
2023-05-08 13:00:00,412.28,412.94,412.09,412.76,3965570
2023-05-08 14:00:00,412.77,413.24,411.28,413.12,7305220
2023-05-08 15:00:00,413.13,413.18,412.42,412.79,8053839
2023-05-08 16:00:00,412.79,412.92,412.56,412.61,1911399
2023-05-08 17:00:00,412.54,412.8,412.45,412.62,46656
2023-05-08 18:00:00,412.62,412.62,412.48,412.55,18871
2023-05-08 19:00:00,412.54,412.6,412.45,412.48,23371
2023-05-09 04:00:00,412.01,412.11,411.15,411.34,27214
2023-05-09 05:00:00,411.44,411.48,411.14,411.48,137174
2023-05-09 06:00:00,411.46,411.5,411.15,411.34,17896
2023-05-09 07:00:00,411.39,411.41,411.0,411.26,154095
2023-05-09 08:00:00,411.2994,412.44,411.0,411.2,263819
2023-05-09 09:00:00,411.2,411.675,410.6894,411.63,4969845
2023-05-09 10:00:00,411.635,411.84,410.84,411.37,5942251
2023-05-09 11:00:00,411.365,411.72,410.97,411.03,3736707
2023-05-09 12:00:00,411.0,411.39,410.81,411.355,3158691
2023-05-09 13:00:00,411.3501,411.92,411.2,411.84,3023955
2023-05-09 14:00:00,411.85,412.09,411.11,411.4699,4424880
2023-05-09 15:00:00,411.4699,411.8,410.81,410.96,9183788
2023-05-09 16:00:00,410.97,411.39,410.88,411.06,2534932
2023-05-09 17:00:00,411.02,411.08,410.8,411.07,292237
2023-05-09 18:00:00,410.95,411.27,410.85,411.23,69176
2023-05-09 19:00:00,411.2,411.41,411.14,411.32,20866
2023-05-10 04:00:00,410.32,410.59,409.71,410.54,37620
2023-05-10 05:00:00,410.51,410.68,410.25,410.55,54485
2023-05-10 06:00:00,410.55,410.56,410.28,410.38,69497
2023-05-10 07:00:00,410.42,410.75,410.33,410.54,178173
2023-05-10 08:00:00,410.3508,414.48,409.7704,414.25,2350855
2023-05-10 09:00:00,414.26,414.91,411.5001,412.491,9552414
2023-05-10 10:00:00,412.49,413.73,410.18,410.919,12452848
2023-05-10 11:00:00,410.91,412.42,410.86,411.675,7093765
2023-05-10 12:00:00,411.68,411.71,410.42,410.65,4495198
2023-05-10 13:00:00,410.66,410.74,408.87,410.1,7973910
2023-05-10 14:00:00,410.08,412.2,410.075,412.01,7921144
2023-05-10 15:00:00,412.01,413.79,411.82,412.8,18940158
2023-05-10 16:00:00,412.79,413.23,412.75,412.86,3073845
2023-05-10 17:00:00,412.91,412.95,412.6,412.79,105572
2023-05-10 18:00:00,412.78,413.09,412.74,413.07,83787
2023-05-10 19:00:00,413.04,413.3,412.95,413.29,41544
2023-05-11 04:00:00,414.1,414.51,413.86,414.1,34597
2023-05-11 05:00:00,414.17,414.55,413.94,414.18,13532
2023-05-11 06:00:00,414.3,414.3,413.66,413.66,100502
2023-05-11 07:00:00,413.6,413.69,412.26,412.44,517440
2023-05-11 08:00:00,412.7695,414.53,412.31,412.5,1149490
2023-05-11 09:00:00,412.5,412.5,410.16,410.3095,8013674
2023-05-11 10:00:00,410.32,411.41,409.97,411.32,10308995
2023-05-11 11:00:00,411.36,412.01,410.955,411.855,6517574
2023-05-11 12:00:00,411.86,412.25,411.28,412.01,4622858
2023-05-11 13:00:00,412.01,412.09,410.27,411.3299,5589290
2023-05-11 14:00:00,411.33,412.43,410.935,412.23,5503392
2023-05-11 15:00:00,412.2322,412.32,411.46,412.16,10165318
2023-05-11 16:00:00,412.16,412.35,411.93,412.32,2454566
2023-05-11 17:00:00,412.3,412.31,412.1,412.1,295007
2023-05-11 18:00:00,412.1,412.7,412.1,412.63,238854
2023-05-11 19:00:00,412.63,412.64,412.41,412.59,23201
2023-05-12 04:00:00,413.21,414.0,413.04,414.0,34417
2023-05-12 05:00:00,414.1,414.27,413.71,413.71,48413
2023-05-12 06:00:00,413.8,414.04,413.54,413.84,44485
2023-05-12 07:00:00,413.83,413.98,413.4,413.53,100457
2023-05-12 08:00:00,413.85,413.96,412.91,413.44,400004
2023-05-12 09:00:00,413.43,413.64,412.52,412.73,5055751
2023-05-12 10:00:00,412.73,412.95,411.22,411.5057,8495864
2023-05-12 11:00:00,411.53,412.015,410.67,411.47,5703350
2023-05-12 12:00:00,411.48,411.58,409.45,409.57,5880205
2023-05-12 13:00:00,409.57,410.715,409.19,409.3101,5826803
2023-05-12 14:00:00,409.32,410.01,409.07,409.9,5989628
2023-05-12 15:00:00,409.91,411.67,409.65,411.61,12224900
2023-05-12 16:00:00,411.62,411.64,411.04,411.09,4558881
2023-05-12 17:00:00,411.1,411.22,410.8,410.8,91242
2023-05-12 18:00:00,410.88,410.94,410.81,410.94,15824
2023-05-12 19:00:00,410.94,410.97,410.84,410.89,12709
2023-05-15 04:00:00,413.18,413.5,412.34,412.95,108139
2023-05-15 05:00:00,412.96,413.28,412.94,413.0,33959
2023-05-15 06:00:00,413.1,413.35,412.88,413.28,35113
2023-05-15 07:00:00,413.28,413.36,413.02,413.14,204282
2023-05-15 08:00:00,413.22,413.4504,411.05,412.43,414736
2023-05-15 09:00:00,412.36,412.5,410.78,410.84,4930193
2023-05-15 10:00:00,410.85,411.98,410.23,411.4213,7733438
2023-05-15 11:00:00,411.435,412.21,411.36,411.98,5030013
2023-05-15 12:00:00,411.99,412.8,411.69,412.76,4067748
2023-05-15 13:00:00,412.77,413.43,411.57,412.3,6357388
2023-05-15 14:00:00,412.31,412.8,412.13,412.43,4249249
2023-05-15 15:00:00,412.43,413.03,412.37,413.01,7877345
2023-05-15 16:00:00,413.01,413.02,412.67,412.73,2053050
2023-05-15 17:00:00,412.65,413.01,412.65,412.75,57973
2023-05-15 18:00:00,412.74,412.9,412.6,412.7,48101
2023-05-15 19:00:00,412.69,412.77,412.52,412.59,21985
